1,1,308.1,0.0,400.87,118.23,1,1,1.0
1,2,0.0,9.86,18.23,36.6,1,1,1.0
1,3,48.84,60.7,127.46000000000001,62.17,1,1,1.0
1,4,95.2,0.0,222.48000000000002,62.6,1,1,1.0
2,1,309.5,0.0,399.47,118.23,1,1,1.0
2,2,0.0,15.9,9.6,28.5,1,1,1.0
2,3,33.06,57.83,122.66999999999999,59.650000000000006,1,1,1.0
2,4,95.2,0.0,222.5,62.52,1,1,1.0
3,1,310.9,0.0,398.07000000000005,118.23,1,1,1.0
3,2,0.0,15.9,9.6,28.5,1,1,1.0
3,3,17.28,54.97,117.88999999999999,57.120000000000005,1,1,1.0
3,4,95.2,0.0,222.53000000000003,62.44,1,1,1.0
4,1,310.73,0.0,398.15999999999997,118.23,1,1,1.0
4,3,1.5,52.1,113.1,54.589999999999996,1,1,1.0
4,4,95.2,0.0,222.55,62.35,1,1,1.0
5,1,310.55,0.0,398.24999999999994,118.23,1,1,1.0
5,3,0.75,49.32,94.65,54.080000000000005,1,1,1.0
5,4,95.2,0.0,222.57999999999998,62.27,1,1,1.0
6,1,310.38,0.0,398.34000000000003,118.23,1,1,1.0
6,3,0.0,46.54,76.2,53.559999999999995,1,1,1.0
6,4,95.2,0.0,222.60000000000002,62.19,1,1,1.0
7,1,310.2,0.0,398.43,118.23,1,1,1.0
7,3,0.0,43.77,59.5,51.279999999999994,1,1,1.0
7,4,95.2,0.0,222.63,62.11,1,1,1.0
8,1,310.03,0.0,398.51,118.23,1,1,1.0
8,3,0.0,41.0,42.8,49.0,1,1,1.0
8,4,95.2,0.0,222.65000000000003,62.03,1,1,1.0
9,1,309.85,0.0,398.61,118.23,1,1,1.0
9,3,0.0,42.5,27.1,44.0,1,1,1.0
9,4,95.2,0.0,222.68,61.94,1,1,1.0
10,1,309.68,0.0,398.69,118.23,1,1,1.0
10,3,0.0,47.6,14.5,33.800000000000004,1,1,1.0
10,4,95.2,0.0,222.7,61.86,1,1,1.0
10,5,916.62,187.17,43.379999999999995,79.05000000000004,1,1,1.0
11,1,309.5,0.0,398.78999999999996,118.23,1,1,1.0
11,4,95.2,0.0,222.73000000000002,61.78,1,1,1.0
11,5,870.68,175.78,89.32000000000005,90.44000000000003,1,1,1.0
12,1,309.33,0.0,398.87000000000006,118.23,1,1,1.0
12,4,95.2,0.0,222.75,61.7,1,1,1.0
12,5,824.74,164.39,135.26,101.83000000000004,1,1,1.0
13,1,309.15,0.0,398.96000000000004,118.23,1,1,1.0
13,4,95.2,0.0,222.78000000000003,61.62,1,1,1.0
13,5,778.8,153.0,181.20000000000005,113.22000000000003,1,1,1.0
14,1,308.98,0.0,399.04999999999995,118.23,1,1,1.0
14,4,95.2,0.0,222.8,61.53,1,1,1.0
14,5,736.77,146.6,215.39999999999998,113.91999999999999,1,1,1.0
15,1,308.8,0.0,399.14000000000004,118.23,1,1,1.0
15,4,95.2,0.0,222.82999999999998,61.45,1,1,1.0
15,5,694.73,140.2,249.60000000000002,114.61000000000001,1,1,1.0
16,6,0.0,166.9,53.32,83.0,1,1,1.0
16,1,308.63,0.0,399.23,118.23,1,1,1.0
16,4,95.2,0.0,222.85000000000002,61.37,1,1,1.0
16,5,652.7,133.8,283.79999999999995,115.29999999999998,1,1,1.0
17,6,0.0,168.63,74.58,96.10000000000002,1,1,1.0
17,1,308.45,0.0,399.32,118.23,1,1,1.0
17,4,95.2,0.0,222.88,61.29,1,1,1.0
17,5,617.18,127.4,271.7700000000001,112.35,1,1,1.0
18,6,0.0,170.37,95.84,109.19999999999999,1,1,1.0
18,1,308.28,0.0,399.4100000000001,118.23,1,1,1.0
18,4,95.2,0.0,222.90000000000003,61.21,1,1,1.0
18,5,581.66,121.0,259.74,109.4,1,1,1.0
19,6,0.0,172.1,117.1,122.29999999999998,1,1,1.0
19,1,308.1,0.0,399.5,118.23,1,1,1.0
19,4,95.2,0.0,222.93,61.12,1,1,1.0
19,5,546.13,114.6,247.72000000000003,106.46000000000001,1,1,1.0
20,6,0.59,179.37,142.14,127.86000000000001,1,1,1.0
20,1,308.1,0.0,399.5,117.83,1,1,1.0
20,4,95.2,0.0,222.95,61.04,1,1,1.0
20,5,510.61,108.2,235.68999999999994,103.51,1,1,1.0
21,6,1.17,186.63,167.20000000000002,133.44,1,1,1.0
21,1,308.1,0.0,399.5,117.43,1,1,1.0
21,4,95.2,0.0,222.98000000000002,60.96,1,1,1.0
21,5,482.83,103.4,227.15000000000003,100.31,1,1,1.0
22,6,1.75,193.9,192.25,138.99999999999997,1,1,1.0
22,1,308.1,0.0,399.5,117.03,1,1,1.0
22,4,95.2,0.0,223.0,60.88,1,1,1.0
22,5,455.06,98.6,218.58999999999997,97.1,1,1,1.0
23,6,20.97,204.1,207.96,147.17,1,1,1.0
23,1,308.1,0.0,399.5,116.62,1,1,1.0
23,4,95.2,0.0,223.03000000000003,60.79,1,1,1.0
23,5,427.28,93.8,210.05000000000007,93.89999999999999,1,1,1.0
24,6,40.18,214.3,223.69,155.32999999999998,1,1,1.0
24,1,308.1,0.0,399.5,116.22,1,1,1.0
24,4,95.2,0.0,223.05,60.71,1,1,1.0
24,5,399.5,89.0,201.5,90.69999999999999,1,1,1.0
25,6,59.4,224.5,239.4,163.5,1,1,1.0
25,1,308.1,0.0,399.5,115.82,1,1,1.0
25,4,95.2,0.0,223.07999999999998,60.63,1,1,1.0
25,5,376.0,85.0,195.62,88.28999999999999,1,1,1.0
26,6,85.6,236.08,262.4,175.72,1,1,1.0
26,1,308.1,0.0,399.5,115.42,1,1,1.0
26,4,95.2,0.0,223.10000000000002,60.55,1,1,1.0
26,5,352.5,81.0,189.75,85.88,1,1,1.0
27,6,116.49,247.66,279.51,183.84,1,1,1.0
27,1,308.1,0.0,399.5,115.02,1,1,1.0
27,4,95.2,0.0,223.13,60.47,1,1,1.0
27,5,329.0,77.0,183.88,83.47,1,1,1.0
28,6,147.38,259.24,289.62,197.26,1,1,1.0
28,1,308.1,0.0,399.5,114.62,1,1,1.0
28,4,95.2,0.0,223.15000000000003,60.38,1,1,1.0
28,5,305.5,73.0,178.0,81.06,1,1,1.0
29,6,178.26,270.82,313.74,163.5,1,1,1.0
29,7,910.68,170.46,48.85000000000002,77.12,1,1,1.0
29,1,308.1,0.0,399.5,114.22,1,1,1.0
29,4,95.2,0.0,223.18,60.3,1,1,1.0
29,5,285.56,69.43,173.01,80.00999999999999,1,1,1.0
30,6,213.66,291.36,347.39,195.8,1,1,1.0
30,7,864.39,158.93,95.13999999999999,84.16,1,1,1.0
30,1,308.1,0.0,399.5,113.81,1,1,1.0
30,4,95.2,0.0,223.2,60.22,1,1,1.0
30,5,265.62,65.87,168.01,78.94999999999999,1,1,1.0
31,6,249.06,311.9,381.04,228.10000000000002,1,1,1.0
31,7,818.1,147.4,141.42999999999995,91.19999999999999,1,1,1.0
31,1,308.1,0.0,399.5,113.41,1,1,1.0
31,4,95.2,0.0,223.23000000000002,60.14,1,1,1.0
31,5,245.67,62.3,163.03,77.89999999999999,1,1,1.0
32,6,301.5,331.13,394.16999999999996,208.87,1,1,1.0
32,7,774.4,137.75,185.13,100.85,1,1,1.0
32,1,308.1,0.0,399.5,113.01,1,1,1.0
32,4,95.2,0.0,223.25,60.06,1,1,1.0
32,5,229.65,59.81,158.04999999999998,75.75999999999999,1,1,1.0
33,6,353.95,350.37,407.28000000000003,189.63,1,1,1.0
33,7,730.7,128.1,228.82999999999993,110.5,1,1,1.0
33,1,308.1,0.0,399.5,112.61,1,1,1.0
33,4,95.2,0.0,223.28000000000003,59.97,1,1,1.0
33,5,213.62,57.31,153.07999999999998,73.62,1,1,1.0
34,6,406.4,369.6,420.4,170.39999999999998,1,1,1.0
34,7,691.79,121.07,228.82000000000005,108.63,1,1,1.0
34,1,308.1,0.0,399.5,112.21,1,1,1.0
34,4,95.2,0.0,223.3,59.89,1,1,1.0
34,5,197.6,54.82,148.1,71.47999999999999,1,1,1.0
35,6,475.45,396.25,416.90000000000003,143.30999999999995,1,1,1.0
35,7,652.87,114.03,228.83000000000004,106.77000000000001,1,1,1.0
35,1,308.1,0.0,399.5,111.81,1,1,1.0
35,4,95.2,0.0,223.32999999999998,59.81,1,1,1.0
35,5,181.93,53.75,144.89999999999998,68.62,1,1,1.0
36,6,544.5,422.9,413.4,116.23000000000002,1,1,1.0
36,7,613.96,107.0,228.81999999999994,104.9,1,1,1.0
36,1,308.1,0.0,399.5,111.41,1,1,1.0
36,4,95.2,0.0,223.35000000000002,59.73,1,1,1.0
36,5,166.26,52.69,141.71000000000004,65.74000000000001,1,1,1.0
37,6,626.7,452.7,333.29999999999995,86.43,1,1,1.0
37,7,581.26,99.6,222.14999999999998,103.15,1,1,1.0
37,1,308.1,0.0,399.5,111.0,1,1,1.0
37,4,95.2,0.0,223.38,59.65,1,1,1.0
37,5,150.59,51.62,138.51000000000002,62.88,1,1,1.0
38,6,720.2,482.4,239.79999999999995,56.72000000000003,1,1,1.0
38,7,548.55,92.2,215.49,101.39999999999999,1,1,1.0
38,1,308.1,0.0,399.5,110.6,1,1,1.0
38,4,95.2,0.0,223.40000000000003,59.56,1,1,1.0
38,5,137.24,48.15,134.78999999999996,62.88,1,1,1.0
39,6,720.2,482.4,239.79999999999995,56.72000000000003,1,1,1.0
39,7,515.85,84.8,208.81999999999994,99.64999999999999,1,1,1.0
39,1,308.1,0.0,399.5,110.2,1,1,1.0
39,4,95.2,0.0,223.43,59.48,1,1,1.0
39,5,123.89,44.67,131.06,62.89,1,1,1.0
40,7,483.15,77.4,202.14999999999998,97.9,1,1,1.0
40,1,308.1,0.0,399.5,109.8,1,1,1.0
40,4,95.2,0.0,223.45,59.4,1,1,1.0
40,5,110.53,41.2,127.35,62.879999999999995,1,1,1.0
41,7,455.72,73.88,194.05999999999995,95.09,1,1,1.0
41,1,308.1,0.0,399.5,109.8,1,1,1.0
41,4,95.2,0.0,223.48000000000002,61.0,1,1,1.0
41,5,97.18,37.73,123.62,62.88,1,1,1.0
42,7,428.3,70.35,185.95,92.30000000000001,1,1,1.0
42,1,308.1,0.0,399.5,109.8,1,1,1.0
42,4,95.2,0.0,223.5,62.6,1,1,1.0
42,5,85.96,35.85,120.14,62.089999999999996,1,1,1.0
43,7,400.87,66.83,177.86,89.49,1,1,1.0
43,1,308.1,0.0,399.5,109.8,1,1,1.0
43,4,95.2,0.0,222.86,59.4,1,1,1.0
43,5,74.74,33.96,116.66000000000001,61.309999999999995,1,1,1.0
44,7,373.44,63.3,169.76000000000005,86.7,1,1,1.0
44,1,308.1,0.0,399.5,109.8,1,1,1.0
44,4,95.2,0.0,222.22000000000003,60.2,1,1,1.0
44,5,63.52,32.08,113.17999999999998,60.519999999999996,1,1,1.0
45,7,350.58,60.85,165.90000000000003,83.17000000000002,1,1,1.0
45,1,308.1,0.0,399.5,109.8,1,1,1.0
45,4,95.2,0.0,221.57999999999998,61.0,1,1,1.0
45,5,52.31,30.2,109.69,59.730000000000004,1,1,1.0
46,7,327.72,58.4,162.02999999999997,79.65,1,1,1.0
46,1,308.1,0.0,399.5,109.8,1,1,1.0
46,4,95.2,0.0,220.94,61.8,1,1,1.0
46,5,42.16,28.6,108.37,58.65,1,1,1.0
47,7,304.86,55.95,158.16999999999996,76.11999999999999,1,1,1.0
47,1,308.1,0.0,399.5,109.8,1,1,1.0
47,4,95.2,0.0,220.3,62.6,1,1,1.0
47,5,32.01,27.0,107.04000000000002,57.56,1,1,1.0
48,7,282.0,53.5,154.3,72.6,1,1,1.0
48,1,308.1,0.0,399.5,109.8,1,1,1.0
48,4,95.2,0.0,220.3,59.4,1,1,1.0
48,5,21.86,25.4,105.72,56.48,1,1,1.0
49,7,263.71,50.7,149.59000000000003,71.64999999999999,1,1,1.0
49,1,308.1,0.0,399.5,109.8,1,1,1.0
49,4,95.2,0.0,220.3,59.4,1,1,1.0
49,5,11.71,23.8,104.38999999999999,55.400000000000006,1,1,1.0
50,7,245.43,47.9,144.87,70.69999999999999,1,1,1.0
50,1,308.1,0.0,399.5,109.8,1,1,1.0
50,4,95.2,0.0,220.3,59.4,1,1,1.0
50,5,9.04,22.73,95.84,53.519999999999996,1,1,1.0
51,7,227.14,45.1,140.16000000000003,69.75,1,1,1.0
51,1,308.1,0.0,399.5,109.8,1,1,1.0
51,4,95.2,0.0,220.3,59.4,1,1,1.0
51,5,6.37,21.65,87.28,51.65,1,1,1.0
52,7,211.32,42.64,135.93,67.65,1,1,1.0
52,1,308.1,0.0,399.5,109.8,1,1,1.0
52,4,95.2,0.0,220.3,59.4,1,1,1.0
52,5,3.7,20.58,78.73,49.769999999999996,1,1,1.0
53,7,195.5,40.18,131.7,65.53999999999999,1,1,1.0
53,1,308.1,0.0,399.5,109.8,1,1,1.0
53,4,95.2,0.0,220.3,59.4,1,1,1.0
53,5,1.03,19.5,70.17,47.900000000000006,1,1,1.0
54,7,179.67,37.72,127.47999999999999,63.44,1,1,1.0
54,1,308.1,0.0,399.5,109.8,1,1,1.0
54,4,95.2,0.0,220.3,59.4,1,1,1.0
54,5,1.03,19.14,60.199999999999996,47.56,1,1,1.0
55,7,163.85,35.25,123.25000000000003,61.349999999999994,1,1,1.0
55,1,308.1,0.0,399.5,109.8,1,1,1.0
55,4,95.2,0.0,220.3,59.4,1,1,1.0
55,5,1.03,18.79,50.24,47.21,1,1,1.0
56,7,151.2,34.12,119.02000000000004,60.51,1,1,1.0
56,1,308.1,0.0,399.5,109.8,1,1,1.0
56,4,95.2,0.0,220.3,59.4,1,1,1.0
56,5,1.03,18.43,40.269999999999996,46.87,1,1,1.0
57,7,138.55,32.99,114.78999999999999,59.669999999999995,1,1,1.0
57,1,308.1,0.0,399.5,109.8,1,1,1.0
57,4,95.2,0.0,220.3,59.4,1,1,1.0
57,5,1.03,19.52,32.769999999999996,43.629999999999995,1,1,1.0
58,7,125.9,31.86,110.56,58.83,1,1,1.0
58,1,308.1,0.0,399.5,109.8,1,1,1.0
58,4,95.2,0.0,220.3,59.4,1,1,1.0
58,5,1.03,20.6,25.27,40.4,1,1,1.0
59,7,113.25,30.73,106.33000000000001,57.989999999999995,1,1,1.0
59,1,308.1,0.0,399.5,109.8,1,1,1.0
59,4,95.2,0.0,220.3,59.4,1,1,1.0
59,5,1.03,20.6,17.77,40.4,1,1,1.0
60,7,100.6,29.6,102.1,57.15,1,1,1.0
60,1,308.1,0.0,399.5,109.8,1,1,1.0
60,4,95.2,0.0,220.3,59.4,1,1,1.0
60,5,1.03,20.6,17.77,40.4,1,1,1.0
